2.004897959
3.428571429
4.669387755
6.105895692
7.882448980
9.136326531
10.364081633
11.814807256
13.414761905
14.706938776
15.984489796
17.446802721
18.983356009
20.368253968
21.638095238
23.444897959
25.411337868
26.856893424
28.400907029
29.871315193
31.608163265
33.044897959
34.365532880
35.911111111
37.725170068
39.111111111
40.302834467
41.592743764
43.232653061
44.451700680
45.570272109
46.983310658
48.362063492
49.756009070
51.025850340
52.498866213
54.066213152
55.459410431
56.925464853
59.334240363
63.443650794
65.023129252
66.296462585
67.572222222
68.921882086
70.679002268
72.203287982
73.763265306
75.435102041
77.121292517
78.344943311
79.536326531
80.837551020
82.403265306
83.941043084
85.446916100
86.981224490
88.411428571
89.920000000
91.447006803
92.684693878
94.001315193
95.242448980
96.600816327
98.351700680
99.853061224
101.035306122
102.267800454
103.608004535
105.266054422
106.841405896
108.452131519
109.936326531
111.174353741
112.549319728
113.773537415
115.186938776
116.518594104
117.635646259
118.889795918
120.600816327
121.939591837
123.063061224
124.077981859
125.220748299
126.306099773
127.203265306
128.411428571
129.930158730
131.324081633
132.528707483
133.760158730
134.889795918
136.385306122
137.874285714
139.454693878
141.779591837
143.503673469
145.162448980
147.781224490
150.517551020
152.241632653
153.880816327
157.051655329
159.075623583
160.822857143
162.285714286
165.760000000
168.421587302
170.341587302
172.017777778
175.634285714
183.405714286
185.146485261
186.385351474
187.659682540
189.434739229
190.609931973
191.790340136
193.528185941
195.236258503
196.642766440
197.808253968
199.167029478
200.784580499
202.161541950
203.562607710
204.924965986
206.524081633
207.487460317
208.833628118
210.154716553
211.539637188
213.138775510
214.407619048
215.803151927
217.354081633
219.296145125
220.703832200
222.013832200
223.172108844
224.798571429
226.102267574
227.233424036
228.579387755
230.267188209
231.452222222
232.650317460
233.991292517
235.628730159
237.098458050
238.319841270
240.769818594
243.996281179
244.959818594
245.760000000
247.000544218
249.351269841
250.318934240