5.000000000000000000e+00
9.846153846153846700e+00
1.469230769230769162e+01
1.969230769230769340e+01
2.453846153846154010e+01
2.938461538461538325e+01
3.423076923076923350e+01
3.946153846153845990e+01
4.438461538461538680e+01
4.961538461538461320e+01
5.453846153846154010e+01
5.946153846153845990e+01
6.500000000000000000e+01
7.053846153846153300e+01
7.569230769230769340e+01
8.069230769230769340e+01
8.615384615384616041e+01
9.115384615384616041e+01
9.707692307692308020e+01
1.020769230769230802e+02
1.069230769230769198e+02
1.119230769230769198e+02
1.177692307692307736e+02
1.237692307692307736e+02
1.292307692307692264e+02
1.360000000000000000e+02
1.428461538461538396e+02
