2.714285714285714413e+00
3.500000000000000000e+00
5.000000000000000000e+00
6.214285714285714413e+00
7.714285714285714413e+00
8.928571428571428825e+00
1.014285714285714235e+01
1.135714285714285765e+01
1.321428571428571352e+01
2.157142857142857295e+01
2.871428571428571530e+01
3.814285714285714590e+01
4.364285714285714590e+01
5.057142857142856940e+01
5.978571428571428470e+01
6.485714285714286120e+01
7.121428571428570820e+01
7.228571428571429180e+01
7.335714285714286120e+01
7.450000000000000000e+01
7.557142857142856940e+01
7.671428571428570820e+01
7.850000000000000000e+01
7.957142857142856940e+01
8.071428571428570820e+01
8.207142857142856940e+01
8.350000000000000000e+01
8.471428571428570820e+01
8.600000000000000000e+01
8.714285714285713880e+01
8.835714285714286120e+01
8.950000000000000000e+01
9.064285714285713880e+01
9.178571428571429180e+01
9.314285714285713880e+01
9.435714285714286120e+01
9.550000000000000000e+01
9.664285714285713880e+01
9.778571428571429180e+01
9.900000000000000000e+01
1.001428571428571388e+02
1.012142857142857082e+02
1.024285714285714306e+02
1.035000000000000000e+02
1.046428571428571388e+02
1.057142857142857082e+02
1.068571428571428612e+02
1.079285714285714306e+02
1.091428571428571388e+02
1.105714285714285694e+02
1.117857142857142918e+02
1.130000000000000000e+02
1.142857142857142918e+02
1.161428571428571388e+02
1.172142857142857082e+02
1.185714285714285694e+02
1.197142857142857082e+02
1.210714285714285694e+02
1.230000000000000000e+02
1.315714285714285836e+02
1.401428571428571388e+02
1.466428571428571388e+02
1.606428571428571388e+02
1.627857142857142776e+02
1.707142857142857224e+02
1.776428571428571388e+02
1.815714285714285836e+02
1.831428571428571388e+02
1.911428571428571388e+02
1.924285714285714164e+02
1.935000000000000000e+02
1.947857142857142776e+02
1.955000000000000000e+02
1.971428571428571388e+02
1.981428571428571388e+02
1.994285714285714164e+02
2.010714285714285836e+02
2.025714285714285836e+02
2.040714285714285836e+02
2.056428571428571388e+02
2.072857142857142776e+02
2.085000000000000000e+02
2.097142857142857224e+02
2.110714285714285836e+02
2.122857142857142776e+02
2.136428571428571388e+02
2.162142857142857224e+02
2.183571428571428612e+02
2.196428571428571388e+02
2.207857142857142776e+02
2.220714285714285836e+02
2.235714285714285836e+02
2.250000000000000000e+02
2.266428571428571388e+02
2.277857142857142776e+02
2.289285714285714164e+02
2.300714285714285836e+02
2.311428571428571388e+02
2.325714285714285836e+02
2.342142857142857224e+02
2.412857142857142776e+02
2.516428571428571388e+02
