2.812500000000000000e+00
5.625000000000000000e+00
8.750000000000000000e+00
1.150000000000000000e+01
1.456250000000000000e+01
1.737500000000000000e+01
2.025000000000000000e+01
2.356250000000000000e+01
2.812500000000000000e+01
3.125000000000000000e+01
3.450000000000000000e+01
3.750000000000000000e+01
4.087500000000000000e+01
4.387500000000000000e+01
4.668750000000000000e+01
5.037500000000000000e+01
5.450000000000000000e+01
5.712500000000000000e+01
5.943750000000000000e+01
6.168750000000000000e+01
6.468750000000000000e+01
6.700000000000000000e+01
6.887500000000000000e+01
7.168750000000000000e+01
7.450000000000000000e+01
7.706250000000000000e+01
7.943750000000000000e+01
8.162500000000000000e+01
8.393750000000000000e+01
8.668750000000000000e+01
8.975000000000000000e+01
9.212500000000000000e+01
9.437500000000000000e+01
9.718750000000000000e+01
1.017500000000000000e+02
1.051875000000000000e+02
1.081875000000000000e+02
1.112500000000000000e+02
1.143750000000000000e+02
1.166250000000000000e+02
1.187500000000000000e+02
1.213750000000000000e+02
1.247500000000000000e+02
1.269375000000000000e+02
1.293750000000000000e+02
1.326875000000000000e+02
1.361250000000000000e+02
1.406875000000000000e+02
1.468125000000000000e+02
1.499375000000000000e+02
1.525000000000000000e+02
1.551250000000000000e+02
1.581250000000000000e+02
1.609375000000000000e+02
1.636250000000000000e+02
1.668125000000000000e+02
1.712500000000000000e+02
1.748125000000000000e+02
1.776875000000000000e+02
1.806875000000000000e+02
1.838750000000000000e+02
1.868125000000000000e+02
1.897500000000000000e+02
1.935625000000000000e+02
1.991250000000000000e+02
2.035000000000000000e+02
2.073125000000000000e+02
2.114375000000000000e+02
2.157500000000000000e+02
2.199375000000000000e+02
2.238750000000000000e+02
2.284375000000000000e+02
2.342500000000000000e+02
2.374375000000000000e+02
2.400000000000000000e+02
2.425625000000000000e+02
2.453125000000000000e+02
2.482500000000000000e+02
2.508125000000000000e+02
2.532500000000000000e+02
2.561875000000000000e+02
2.597500000000000000e+02
2.633125000000000000e+02
2.678125000000000000e+02
2.723750000000000000e+02
2.751875000000000000e+02
2.781250000000000000e+02
2.808750000000000000e+02
2.840625000000000000e+02
2.866875000000000000e+02
2.890625000000000000e+02
2.928125000000000000e+02
2.966250000000000000e+02
2.991875000000000000e+02
3.007500000000000000e+02
3.037500000000000000e+02
3.067500000000000000e+02
3.089375000000000000e+02
3.109375000000000000e+02
3.135625000000000000e+02
3.165625000000000000e+02
3.190000000000000000e+02
3.213750000000000000e+02
3.235000000000000000e+02
3.257500000000000000e+02
3.285000000000000000e+02
3.314375000000000000e+02
3.337500000000000000e+02
3.360625000000000000e+02
3.388125000000000000e+02
3.434375000000000000e+02
3.463125000000000000e+02
3.500625000000000000e+02
3.523750000000000000e+02
3.551875000000000000e+02
3.573750000000000000e+02
3.593125000000000000e+02
3.617500000000000000e+02
3.645625000000000000e+02
3.666875000000000000e+02
3.690625000000000000e+02
3.727500000000000000e+02
3.761250000000000000e+02
3.810625000000000000e+02
3.960000000000000000e+02
