7.200000000000000178e+00
1.100000000000000000e+01
1.693333333333333357e+01
2.080000000000000071e+01
2.793333333333333357e+01
3.093333333333333357e+01
3.266666666666666430e+01
3.896666666666666856e+01
4.253333333333333144e+01
4.620000000000000284e+01
4.960000000000000142e+01
5.383333333333333570e+01
5.676666666666666572e+01
6.079999999999999716e+01
6.429999999999999716e+01
6.829999999999999716e+01
7.226666666666666572e+01
7.600000000000000000e+01
7.943333333333333712e+01
8.353333333333333144e+01
8.813333333333333997e+01
9.136666666666666003e+01
9.426666666666666572e+01
9.709999999999999432e+01
1.000666666666666629e+02
1.029666666666666686e+02
1.063333333333333286e+02
1.094000000000000057e+02
1.127333333333333343e+02
1.158666666666666600e+02
1.190333333333333314e+02
1.225333333333333314e+02
1.272333333333333343e+02
1.304666666666666686e+02
1.346333333333333258e+02
1.391333333333333258e+02
1.421333333333333258e+02
1.445999999999999943e+02
1.460666666666666629e+02
1.497666666666666799e+02
1.516666666666666572e+02
1.531666666666666572e+02
1.544000000000000057e+02
1.555333333333333314e+02
1.566333333333333258e+02
1.576999999999999886e+02
1.589333333333333371e+02
1.609000000000000057e+02
1.620000000000000000e+02
1.630999999999999943e+02
1.643000000000000114e+02
1.653333333333333428e+02
1.660999999999999943e+02
1.679333333333333371e+02
1.686999999999999886e+02
1.694666666666666686e+02
1.711333333333333258e+02
1.723000000000000114e+02
1.735999999999999943e+02
1.744333333333333371e+02
1.762333333333333201e+02
1.779000000000000057e+02
1.796666666666666572e+02
1.810000000000000000e+02
1.871999999999999886e+02
1.871999999999999886e+02
1.914333333333333371e+02
1.947333333333333201e+02
1.971999999999999886e+02
1.995999999999999943e+02
2.009333333333333371e+02
2.040000000000000000e+02
2.050333333333333314e+02
2.082333333333333201e+02
2.108000000000000114e+02
2.137666666666666799e+02
2.160666666666666629e+02
2.184333333333333371e+02
2.215999999999999943e+02
2.243333333333333428e+02
2.275666666666666629e+02
2.301666666666666572e+02
2.326333333333333258e+02
2.353666666666666742e+02
2.387666666666666799e+02
2.410666666666666629e+02
2.441999999999999886e+02
2.474333333333333371e+02
2.508333333333333428e+02
2.534000000000000057e+02
2.558333333333333428e+02
2.586666666666666856e+02
2.638000000000000114e+02
2.678999999999999773e+02
2.709666666666666401e+02
2.747666666666666515e+02
2.780000000000000000e+02
2.822333333333333485e+02
2.848999999999999773e+02
2.881333333333333258e+02
2.906000000000000227e+02
2.923666666666666742e+02
2.941000000000000227e+02
2.957666666666666515e+02
2.986999999999999886e+02
3.009666666666666401e+02
3.025333333333333599e+02
3.040333333333333599e+02
3.057666666666666515e+02
3.076333333333333258e+02
3.085666666666666629e+02
3.108666666666666742e+02
3.135333333333333599e+02
3.152333333333333485e+02
3.168000000000000114e+02
3.181999999999999886e+02
3.197333333333333485e+02
3.216666666666666856e+02
3.232333333333333485e+02
3.245666666666666629e+02
3.260000000000000000e+02
3.271666666666666856e+02
3.292666666666666515e+02
3.305000000000000000e+02
3.318999999999999773e+02
3.330333333333333599e+02
3.336999999999999886e+02
3.350000000000000000e+02
3.361666666666666856e+02
3.367333333333333485e+02
3.380333333333333599e+02
3.389666666666666401e+02
3.400666666666666629e+02
3.407666666666666515e+02
3.421999999999999886e+02
3.432333333333333485e+02
3.446666666666666856e+02
3.460000000000000000e+02
3.470333333333333599e+02
3.480666666666666629e+02
3.493333333333333144e+02
3.505333333333333599e+02
3.515666666666666629e+02
3.526333333333333258e+02
3.536666666666666856e+02
3.547333333333333485e+02
3.557666666666666515e+02
3.568999999999999773e+02
3.578999999999999773e+02
3.591666666666666856e+02
3.603666666666666742e+02
3.612333333333333485e+02
3.625666666666666629e+02
3.636000000000000227e+02
3.650666666666666629e+02
3.663000000000000114e+02
3.678999999999999773e+02
3.690666666666666629e+02
3.699666666666666401e+02
3.705666666666666629e+02
3.716333333333333258e+02
3.741999999999999886e+02
3.749666666666666401e+02
3.762333333333333485e+02
3.780333333333333599e+02
3.804333333333333371e+02
3.821333333333333258e+02
3.838666666666666742e+02
3.851999999999999886e+02
3.869666666666666401e+02
3.886000000000000227e+02
3.901999999999999886e+02
3.924333333333333371e+02
3.941999999999999886e+02
3.957666666666666515e+02
3.972666666666666515e+02
3.993666666666666742e+02
4.013333333333333144e+02
4.041666666666666856e+02
4.064666666666666401e+02
4.083333333333333144e+02
4.103666666666666742e+02
4.129333333333333371e+02
4.146666666666666856e+02
4.164666666666666401e+02
4.190666666666666629e+02
4.220000000000000000e+02
4.238000000000000114e+02
4.265666666666666629e+02
4.283666666666666742e+02
4.315000000000000000e+02
4.346999999999999886e+02
4.393999999999999773e+02
4.438333333333333144e+02
4.473333333333333144e+02
4.515333333333333599e+02
4.551333333333333258e+02
4.600333333333333599e+02
4.626999999999999886e+02
4.661666666666666856e+02
4.691333333333333258e+02
4.710666666666666629e+02
4.726666666666666856e+02
4.742666666666666515e+02
4.771999999999999886e+02
4.804666666666666401e+02
4.851000000000000227e+02
4.868000000000000114e+02
4.876999999999999886e+02
4.885666666666666629e+02
4.893999999999999773e+02
4.904333333333333371e+02
4.912666666666666515e+02
4.921333333333333258e+02
4.929333333333333371e+02
4.940000000000000000e+02
4.948666666666666742e+02
4.957333333333333485e+02
4.965000000000000000e+02
4.972666666666666515e+02
4.981333333333333258e+02
4.990333333333333599e+02
4.998999999999999773e+02
5.010333333333333599e+02
5.018666666666666742e+02
5.026666666666666856e+02
5.035000000000000000e+02
5.042333333333333485e+02
5.051000000000000227e+02
5.059333333333333371e+02
5.066666666666666856e+02
5.074666666666666401e+02
5.086999999999999886e+02
5.096333333333333258e+02
5.104333333333333371e+02
5.112333333333333485e+02
5.121666666666666288e+02
5.130000000000000000e+02
5.137999999999999545e+02
5.146000000000000227e+02
5.160000000000000000e+02
5.176000000000000227e+02
5.183999999999999773e+02
5.194333333333332803e+02
5.203333333333333712e+02
5.219333333333332803e+02
5.219333333333332803e+02
5.238333333333333712e+02
5.273999999999999773e+02
5.288999999999999773e+02
5.303666666666666742e+02
5.365333333333333030e+02
5.391333333333333258e+02
5.403333333333333712e+02
5.428333333333333712e+02
5.492666666666666515e+02
5.522333333333333485e+02
5.558333333333333712e+02
5.579666666666666970e+02
5.591333333333333258e+02
5.601000000000000227e+02
5.616000000000000227e+02
5.636000000000000227e+02
5.637000000000000455e+02
