1.970588235294117752e+00
2.970588235294117752e+00
4.058823529411764497e+00
5.088235294117646745e+00
7.088235294117646745e+00
8.676470588235293491e+00
1.002941176470588225e+01
1.114705882352941124e+01
1.226470588235294201e+01
1.335294117647058876e+01
1.444117647058823550e+01
1.550000000000000000e+01
1.655882352941176450e+01
1.761764705882352899e+01
1.882352941176470651e+01
2.000000000000000000e+01
2.108823529411764852e+01
2.217647058823529349e+01
2.320588235294117752e+01
2.435294117647058698e+01
2.544117647058823550e+01
2.655882352941176450e+01
2.764705882352941302e+01
2.870588235294117752e+01
2.979411764705882248e+01
3.132352941176470651e+01
3.261764705882352899e+01
3.394117647058823195e+01
3.500000000000000000e+01
3.614705882352941302e+01
3.726470588235294201e+01
3.841176470588235503e+01
3.947058823529411598e+01
4.032352941176470296e+01
4.173529411764705799e+01
4.285294117647058698e+01
4.391176470588235503e+01
4.500000000000000000e+01
4.605882352941176805e+01
4.717647058823529704e+01
4.823529411764705799e+01
4.952941176470588402e+01
5.067647058823529704e+01
5.185294117647058698e+01
5.297058823529411598e+01
5.411764705882352899e+01
5.529411764705882604e+01
5.647058823529411598e+01
5.761764705882352899e+01
5.832352941176470296e+01
5.994117647058823195e+01
6.105882352941176805e+01
6.220588235294117396e+01
6.326470588235294201e+01
6.435294117647059409e+01
6.573529411764705799e+01
6.673529411764705799e+01
6.794117647058823195e+01
6.917647058823528994e+01
7.044117647058823195e+01
7.100000000000000000e+01
7.211764705882353610e+01
7.323529411764705799e+01
7.432352941176471006e+01
7.541176470588234793e+01
7.652941176470588402e+01
7.767647058823528994e+01
7.876470588235294201e+01
7.985294117647059409e+01
8.094117647058823195e+01
8.250000000000000000e+01
8.402941176470588402e+01
8.641176470588234793e+01
8.679411764705882604e+01
8.794117647058823195e+01
8.797058823529411598e+01
8.905882352941176805e+01
8.950000000000000000e+01
9.132352941176471006e+01
9.229411764705882604e+01
9.376470588235294201e+01
9.497058823529411598e+01
9.594117647058823195e+01
9.635294117647059409e+01
9.823529411764705799e+01
9.847058823529411598e+01
1.007352941176470580e+02
1.007941176470588260e+02
1.030000000000000000e+02
1.051470588235294059e+02
1.065000000000000000e+02
1.076470588235294059e+02
1.088529411764705941e+02
1.099411764705882320e+02
1.108529411764705941e+02
1.139411764705882320e+02
1.156764705882352899e+02
1.170000000000000000e+02
1.182941176470588260e+02
1.194705882352941160e+02
1.206470588235294059e+02
1.217647058823529420e+02
1.228823529411764639e+02
1.240000000000000000e+02
1.250882352941176521e+02
1.263235294117647101e+02
1.276470588235294059e+02
1.287058823529411882e+02
1.298235294117646959e+02
1.309117647058823479e+02
1.320588235294117680e+02
1.331764705882353041e+02
1.343235294117646959e+02
1.354117647058823479e+02
1.364705882352941160e+02
1.375882352941176521e+02
1.389705882352941160e+02
1.405882352941176521e+02
1.417647058823529278e+02
1.429411764705882320e+02
1.441176470588235361e+02
1.452352941176470722e+02
1.464411764705882320e+02
1.476176470588235361e+02
1.488235294117646959e+02
1.495294117647058840e+02
1.513529411764705799e+02
1.523823529411764639e+02
1.534117647058823479e+02
1.544705882352941160e+02
1.555588235294117680e+02
1.566470588235294201e+02
1.582941176470588118e+02
1.595294117647058840e+02
1.607647058823529278e+02
1.619117647058823479e+02
1.631176470588235361e+02
1.642647058823529278e+02
1.654705882352941160e+02
1.666764705882353041e+02
1.692647058823529278e+02
1.707058823529411882e+02
1.717941176470588118e+02
1.728529411764705799e+02
1.739411764705882320e+02
1.750882352941176521e+02
1.772058823529411882e+02
1.822352941176470722e+02
1.910294117647058840e+02
2.044705882352941160e+02
2.044705882352941160e+02
2.044705882352941160e+02
2.044705882352941160e+02
2.053235294117646959e+02
2.095882352941176521e+02
2.121764705882353041e+02
2.136470588235294201e+02
2.148823529411764639e+02
2.161470588235294201e+02
2.175294117647058840e+02
2.203823529411764639e+02
2.253235294117646959e+02
