5.529411764705882248e+00
1.076470588235294201e+01
1.411764705882352899e+01
1.952941176470588402e+01
2.452941176470588402e+01
2.782352941176470651e+01
3.188235294117647101e+01
3.770588235294117396e+01
4.288235294117647101e+01
4.623529411764705799e+01
5.105882352941176805e+01
5.805882352941176805e+01
6.235294117647058698e+01
6.629411764705882604e+01
6.976470588235294201e+01
7.376470588235294201e+01
7.747058823529411598e+01
8.129411764705882604e+01
8.482352941176471006e+01
8.900000000000000000e+01
9.270588235294117396e+01
9.611764705882353610e+01
9.929411764705882604e+01
1.026470588235294059e+02
1.062352941176470580e+02
1.098823529411764639e+02
1.140588235294117680e+02
1.174705882352941160e+02
1.223529411764705941e+02
1.265294117647058840e+02
1.307058823529411882e+02
1.345294117647058840e+02
1.376470588235294201e+02
1.454117647058823479e+02
1.506470588235294201e+02
1.572941176470588118e+02
1.599411764705882320e+02
1.629411764705882320e+02
1.657058823529411882e+02
1.687058823529411882e+02
1.713529411764705799e+02
1.744117647058823479e+02
1.774117647058823479e+02
1.800000000000000000e+02
1.822941176470588118e+02
1.845882352941176521e+02
1.868823529411764639e+02
1.902941176470588118e+02
1.934117647058823479e+02
1.964705882352941160e+02
1.995882352941176521e+02
2.027058823529411882e+02
2.049411764705882320e+02
2.076470588235294201e+02
2.105882352941176521e+02
2.135882352941176521e+02
2.144117647058823479e+02
2.146470588235294201e+02
2.290588235294117680e+02
2.329411764705882320e+02
2.362352941176470722e+02
2.391764705882353041e+02
2.412352941176470722e+02
2.477058823529411882e+02
2.512941176470588118e+02
2.545882352941176521e+02
2.560588235294117680e+02
2.596470588235293917e+02
2.603529411764706083e+02
2.671764705882353041e+02
2.720588235294117680e+02
2.757058823529411598e+02
2.797058823529411598e+02
2.853529411764706083e+02
2.897647058823529278e+02
2.942941176470588402e+02
