3.666666666666666519e+00
6.444444444444444642e+00
8.925925925925925597e+00
1.129629629629629584e+01
1.388888888888888928e+01
1.614814814814814881e+01
1.844444444444444287e+01
2.062962962962962976e+01
2.300000000000000000e+01
2.529629629629629761e+01
2.770370370370370239e+01
3.000000000000000000e+01
3.222222222222222143e+01
3.537037037037037379e+01
3.800000000000000000e+01
4.040740740740740478e+01
4.281481481481481666e+01
4.533333333333333570e+01
4.807407407407407618e+01
5.051851851851851904e+01
5.296296296296296191e+01
5.518518518518518334e+01
5.740740740740740478e+01
5.966666666666666430e+01
6.218518518518518334e+01
6.455555555555555713e+01
6.703703703703703809e+01
6.970370370370370949e+01
7.248148148148148096e+01
7.492592592592592382e+01
7.700000000000000000e+01
7.940740740740740478e+01
8.177777777777777146e+01
8.418518518518519045e+01
8.640740740740740478e+01
8.925925925925925242e+01
9.166666666666667140e+01
9.403703703703703809e+01
9.629629629629629051e+01
9.825925925925925242e+01
1.007037037037037095e+02
1.031111111111111143e+02
1.053333333333333286e+02
1.078518518518518476e+02
1.100000000000000000e+02
1.119259259259259238e+02
1.142592592592592524e+02
1.163703703703703667e+02
1.184814814814814810e+02
1.206666666666666714e+02
1.229629629629629619e+02
1.251851851851851904e+02
1.271851851851851904e+02
1.291111111111111143e+02
1.311851851851851904e+02
1.338888888888888857e+02
1.363333333333333428e+02
1.381851851851851904e+02
1.400740740740740762e+02
1.420000000000000000e+02
1.457407407407407334e+02
1.482592592592592666e+02
1.508148148148148096e+02
1.534814814814814952e+02
1.564444444444444571e+02
1.589629629629629619e+02
1.613703703703703809e+02
1.637407407407407334e+02
1.661111111111111143e+02
1.681851851851851904e+02
1.704444444444444571e+02
1.718888888888888857e+02
1.732592592592592666e+02
1.747037037037036953e+02
1.759259259259259238e+02
1.771111111111111143e+02
1.785185185185185048e+02
1.800000000000000000e+02
1.819259259259259238e+02
1.836666666666666572e+02
1.850370370370370381e+02
1.863703703703703809e+02
1.884444444444444571e+02
1.904074074074074190e+02
1.928148148148148096e+02
2.024074074074074190e+02
2.060740740740740762e+02
2.087037037037036953e+02
2.111851851851851904e+02
2.136296296296296191e+02
2.160740740740740762e+02
2.186666666666666572e+02
2.210740740740740762e+02
2.272592592592592666e+02
2.287407407407407334e+02
2.305555555555555429e+02
2.357037037037036953e+02
