8.055555555555555358e+00
1.866666666666666785e+01
2.527777777777777857e+01
3.566666666666666430e+01
4.272222222222222143e+01
4.816666666666666430e+01
5.344444444444444287e+01
5.872222222222222143e+01
6.411111111111111427e+01
6.972222222222222854e+01
7.516666666666667140e+01
8.061111111111111427e+01
8.600000000000000000e+01
9.155555555555555713e+01
9.733333333333332860e+01
1.023888888888888857e+02
1.079444444444444429e+02
1.133888888888888857e+02
1.184444444444444429e+02
1.237222222222222285e+02
1.296666666666666572e+02
1.375000000000000000e+02
1.445000000000000000e+02
1.520000000000000000e+02
1.611666666666666572e+02
1.669444444444444571e+02
1.731111111111111143e+02
1.785000000000000000e+02
1.838333333333333428e+02
1.891111111111111143e+02
1.953888888888888857e+02
2.007222222222222285e+02
2.061111111111111143e+02
2.118888888888888857e+02
2.176666666666666572e+02
2.232777777777777715e+02
2.291111111111111143e+02
2.345000000000000000e+02
2.375000000000000000e+02
2.398333333333333428e+02
2.515555555555555429e+02
2.571666666666666856e+02
2.600555555555555429e+02
2.628333333333333144e+02
2.644444444444444571e+02
2.663888888888889142e+02
2.806666666666666856e+02
2.806666666666666856e+02
2.811111111111110858e+02
2.819444444444444571e+02
2.826111111111110858e+02
2.838333333333333144e+02
2.848333333333333144e+02
2.856666666666666856e+02
2.869444444444444571e+02
2.879444444444444571e+02
2.897777777777777715e+02
2.928333333333333144e+02
2.939444444444444571e+02
2.946111111111110858e+02
2.957777777777777715e+02
2.968333333333333144e+02
2.977222222222222285e+02
2.988888888888889142e+02
3.003333333333333144e+02
3.017222222222222285e+02
3.056666666666666856e+02
3.057222222222222285e+02
3.070555555555555429e+02
3.083333333333333144e+02
3.089444444444444571e+02
3.098888888888889142e+02
3.121666666666666856e+02
3.135555555555555429e+02
3.148888888888889142e+02
3.162222222222222285e+02
3.175000000000000000e+02
3.187777777777777715e+02
3.200555555555555429e+02
3.212222222222222285e+02
3.226111111111110858e+02
3.232222222222222285e+02
3.251666666666666856e+02
3.257777777777777715e+02
3.275000000000000000e+02
3.287777777777777715e+02
3.300555555555555429e+02
3.313333333333333144e+02
3.325000000000000000e+02
3.337777777777777715e+02
3.376666666666666856e+02
3.376666666666666856e+02
3.397777777777777715e+02
3.398333333333333144e+02
3.427777777777777715e+02
3.453333333333333144e+02
3.492222222222222285e+02
3.628333333333333144e+02
3.753333333333333144e+02
3.783888888888889142e+02
3.819444444444444571e+02
3.853888888888889142e+02
3.892222222222222285e+02
3.921111111111110858e+02
3.938888888888889142e+02
3.974444444444444571e+02
4.018333333333333144e+02
4.049444444444444571e+02
4.089444444444444571e+02
4.127222222222222285e+02
4.170555555555555429e+02
4.203333333333333144e+02
4.236111111111110858e+02
4.268888888888889142e+02
4.303888888888889142e+02
4.339444444444444571e+02
4.373333333333333144e+02
4.422777777777777715e+02
4.453333333333333144e+02
4.468888888888889142e+02
4.477777777777777715e+02
4.487777777777777715e+02
4.513888888888889142e+02
4.531111111111110858e+02
4.547777777777777715e+02
4.585000000000000000e+02
4.620000000000000000e+02
4.737777777777777715e+02
4.826111111111110858e+02
4.879444444444444571e+02
4.910000000000000000e+02
4.959444444444444571e+02
5.000555555555555429e+02
5.033333333333333144e+02
5.068333333333333144e+02
5.078888888888889142e+02
5.105000000000000000e+02
5.113888888888889142e+02
5.135000000000000000e+02
5.165000000000000000e+02
5.187777777777778283e+02
5.206666666666666288e+02
5.228888888888889142e+02
5.257777777777778283e+02
5.276111111111110858e+02
5.298333333333333712e+02
5.317222222222221717e+02
5.321111111111110858e+02
5.365555555555555429e+02
5.391111111111110858e+02
5.416666666666666288e+02
5.433333333333333712e+02
5.455000000000000000e+02
5.474444444444444571e+02
5.493888888888889142e+02
5.515000000000000000e+02
5.543888888888889142e+02
5.555555555555555429e+02
5.567777777777778283e+02
5.585555555555555429e+02
5.585555555555555429e+02
5.585555555555555429e+02
5.610555555555555429e+02
5.651666666666666288e+02
5.675000000000000000e+02
5.691111111111110858e+02
5.772222222222221717e+02
5.843888888888889142e+02
5.883888888888889142e+02
5.986111111111110858e+02
5.986666666666666288e+02
6.050555555555555429e+02
6.138888888888889142e+02
6.207222222222221717e+02
6.292777777777778283e+02
6.338333333333333712e+02
6.392777777777778283e+02
6.438333333333333712e+02
6.450555555555555429e+02
6.533888888888889142e+02
6.606111111111110858e+02
6.635000000000000000e+02
6.635555555555555429e+02
6.636111111111110858e+02
6.643333333333333712e+02
6.681111111111110858e+02
6.737777777777778283e+02
6.798333333333333712e+02
6.873333333333333712e+02
6.918888888888889142e+02
