2.388888888888888840e+00
6.111111111111110716e+00
9.944444444444444642e+00
1.361111111111111072e+01
1.772222222222222143e+01
2.155555555555555713e+01
2.461111111111111072e+01
2.766666666666666785e+01
3.138888888888888928e+01
3.522222222222222143e+01
3.816666666666666430e+01
4.100000000000000000e+01
4.383333333333333570e+01
4.600000000000000000e+01
4.966666666666666430e+01
5.338888888888888573e+01
5.666666666666666430e+01
5.883333333333333570e+01
6.227777777777777857e+01
6.416666666666667140e+01
6.722222222222222854e+01
7.144444444444444287e+01
7.455555555555555713e+01
7.766666666666667140e+01
8.116666666666667140e+01
8.461111111111111427e+01
8.700000000000000000e+01
9.150000000000000000e+01
9.416666666666667140e+01
9.783333333333332860e+01
9.938888888888888573e+01
1.030000000000000000e+02
1.071111111111111143e+02
1.100000000000000000e+02
1.127777777777777715e+02
1.148888888888888857e+02
1.171111111111111143e+02
1.210555555555555571e+02
1.241111111111111143e+02
1.262222222222222285e+02
1.305000000000000000e+02
1.355555555555555429e+02
1.394444444444444571e+02
1.431666666666666572e+02
1.471111111111111143e+02
1.511666666666666572e+02
1.540555555555555429e+02
1.580000000000000000e+02
1.616111111111111143e+02
1.653888888888888857e+02
1.692777777777777715e+02
1.726111111111111143e+02
1.768333333333333428e+02
1.795000000000000000e+02
1.817777777777777715e+02
1.848888888888888857e+02
1.876666666666666572e+02
1.912777777777777715e+02
1.947777777777777715e+02
1.987777777777777715e+02
2.021111111111111143e+02
2.058333333333333428e+02
2.097222222222222285e+02
2.123333333333333428e+02
2.151111111111111143e+02
2.192777777777777715e+02
2.248888888888888857e+02
2.306666666666666572e+02
2.346111111111111143e+02
2.391111111111111143e+02
2.433888888888888857e+02
2.486111111111111143e+02
2.519444444444444571e+02
2.571666666666666856e+02
2.587777777777777715e+02
2.622777777777777715e+02
2.651666666666666856e+02
2.686666666666666856e+02
2.730555555555555429e+02
2.775555555555555429e+02
2.816666666666666856e+02
2.856666666666666856e+02
2.905555555555555429e+02
2.976111111111110858e+02
3.014444444444444571e+02
3.054444444444444571e+02
3.093333333333333144e+02
3.153333333333333144e+02
3.180000000000000000e+02
3.205000000000000000e+02
3.252222222222222285e+02
3.313333333333333144e+02
3.361111111111110858e+02
3.397777777777777715e+02
3.446666666666666856e+02
