3.666666666666666519e+00
6.370370370370370239e+00
8.888888888888889284e+00
1.129629629629629584e+01
1.374074074074074048e+01
1.614814814814814881e+01
1.840740740740740833e+01
2.062962962962962976e+01
2.296296296296296191e+01
2.529629629629629761e+01
2.770370370370370239e+01
3.007407407407407263e+01
3.259259259259259522e+01
3.537037037037037379e+01
3.800000000000000000e+01
4.037037037037037379e+01
4.292592592592592382e+01
4.529629629629629761e+01
4.803703703703703809e+01
5.051851851851851904e+01
5.296296296296296191e+01
5.518518518518518334e+01
5.740740740740740478e+01
5.962962962962962621e+01
6.237037037037037379e+01
6.455555555555555713e+01
6.711111111111111427e+01
6.970370370370370949e+01
7.248148148148148096e+01
7.492592592592592382e+01
7.700000000000000000e+01
7.933333333333332860e+01
8.177777777777777146e+01
8.418518518518519045e+01
8.644444444444444287e+01
8.922222222222222854e+01
9.166666666666667140e+01
9.403703703703703809e+01
9.611111111111111427e+01
9.825925925925925242e+01
1.007037037037037095e+02
1.031851851851851904e+02
1.053333333333333286e+02
1.078518518518518476e+02
1.100000000000000000e+02
1.121851851851851904e+02
1.142592592592592524e+02
1.163703703703703667e+02
1.184444444444444429e+02
1.206666666666666714e+02
1.229629629629629619e+02
1.251851851851851904e+02
1.271851851851851904e+02
1.291111111111111143e+02
1.315925925925925810e+02
1.337407407407407334e+02
1.363333333333333428e+02
1.381851851851851904e+02
1.400740740740740762e+02
1.424074074074074190e+02
1.458148148148148096e+02
1.482592592592592666e+02
1.508148148148148096e+02
1.534814814814814952e+02
1.565555555555555429e+02
1.589629629629629619e+02
1.613703703703703809e+02
1.637407407407407334e+02
1.661111111111111143e+02
1.684814814814814952e+02
1.704444444444444571e+02
1.718888888888888857e+02
1.732592592592592666e+02
1.747037037037036953e+02
1.759259259259259238e+02
1.771111111111111143e+02
1.785185185185185048e+02
1.800000000000000000e+02
1.821111111111111143e+02
1.836666666666666572e+02
1.850370370370370381e+02
1.863703703703703809e+02
1.884074074074074190e+02
1.904074074074074190e+02
1.926296296296296191e+02
2.023703703703703809e+02
2.060740740740740762e+02
2.086666666666666572e+02
2.111851851851851904e+02
2.136296296296296191e+02
2.160740740740740762e+02
2.185185185185185048e+02
2.210740740740740762e+02
2.238888888888888857e+02
2.269259259259259238e+02
2.306296296296296191e+02
2.357037037037036953e+02
