1.947368421052631637e+00
3.421052631578947345e+00
4.631578947368421240e+00
6.105263157894737169e+00
7.842105263157894690e+00
9.105263157894736281e+00
1.036842105263157876e+01
1.178947368421052566e+01
1.336842105263157876e+01
1.468421052631578938e+01
1.594736842105263186e+01
1.742105263157894868e+01
1.894736842105263008e+01
2.036842105263157876e+01
2.163157894736842124e+01
2.342105263157894868e+01
2.457894736842105132e+01
2.536842105263157876e+01
2.684210526315789380e+01
2.836842105263157876e+01
2.984210526315789380e+01
3.157894736842105132e+01
3.300000000000000000e+01
3.436842105263158231e+01
3.589473684210526017e+01
3.773684210526315752e+01
3.910526315789473983e+01
4.026315789473684248e+01
4.157894736842105488e+01
4.321052631578947256e+01
4.436842105263158231e+01
4.557894736842105488e+01
4.694736842105263008e+01
4.831578947368421240e+01
4.973684210526315752e+01
5.105263157894736992e+01
5.252631578947368496e+01
5.400000000000000000e+01
5.542105263157894512e+01
5.689473684210526017e+01
5.936842105263158231e+01
6.342105263157894512e+01
6.500000000000000000e+01
6.621052631578947967e+01
6.752631578947368496e+01
6.889473684210526017e+01
7.063157894736842479e+01
7.215789473684210975e+01
7.378947368421052033e+01
7.542105263157894512e+01
7.710526315789473983e+01
7.831578947368420529e+01
7.952631578947368496e+01
8.078947368421052033e+01
8.236842105263157521e+01
8.389473684210526017e+01
8.542105263157894512e+01
8.694736842105263008e+01
8.842105263157894512e+01
8.989473684210526017e+01
9.136842105263157521e+01
9.268421052631579471e+01
9.400000000000000000e+01
9.521052631578947967e+01
9.657894736842105488e+01
9.836842105263157521e+01
9.984210526315789025e+01
1.010000000000000000e+02
1.022631578947368354e+02
1.035789473684210549e+02
1.052105263157894797e+02
1.068421052631578902e+02
1.084736842105263150e+02
1.098421052631578902e+02
1.110526315789473699e+02
1.125263157894736850e+02
1.137894736842105203e+02
1.153157894736842053e+02
1.164210526315789451e+02
1.175789473684210549e+02
1.189473684210526301e+02
1.205789473684210549e+02
1.218947368421052602e+02
1.230000000000000000e+02
1.240526315789473699e+02
1.251578947368421098e+02
1.262105263157894797e+02
1.271578947368421098e+02
1.283684210526315894e+02
1.298947368421052602e+02
1.311052631578947398e+02
1.324210526315789593e+02
1.334736842105263293e+02
1.348947368421052602e+02
1.363684210526315894e+02
1.378421052631578902e+02
1.394210526315789593e+02
1.410526315789473699e+02
1.434736842105263293e+02
1.454736842105263293e+02
1.477368421052631504e+02
1.500526315789473699e+02
1.522105263157894797e+02
1.545789473684210407e+02
1.565789473684210407e+02
1.586842105263157805e+02
1.604210526315789593e+02
1.628421052631578902e+02
1.650000000000000000e+02
1.679473684210526301e+02
1.700000000000000000e+02
1.727894736842105203e+02
1.766315789473684106e+02
1.833684210526315894e+02
1.851052631578947398e+02
1.863157894736842195e+02
1.876842105263157805e+02
1.893157894736842195e+02
1.905263157894736707e+02
1.917894736842105203e+02
1.934210526315789593e+02
1.952105263157894797e+02
1.965263157894736707e+02
1.977368421052631504e+02
1.991578947368421098e+02
2.007368421052631504e+02
2.021052631578947398e+02
2.034736842105263293e+02
2.053684210526315894e+02
2.066315789473684106e+02
2.074210526315789593e+02
2.087368421052631504e+02
2.101052631578947398e+02
2.114736842105263293e+02
2.130526315789473699e+02
2.143684210526315894e+02
2.157894736842105203e+02
2.173157894736842195e+02
2.192105263157894797e+02
2.206842105263157805e+02
2.218947368421052602e+02
2.232105263157894797e+02
2.246842105263157805e+02
2.260526315789473699e+02
2.272105263157894797e+02
2.286315789473684106e+02
2.302105263157894797e+02
2.313684210526315894e+02
2.326315789473684106e+02
2.339473684210526301e+02
2.355789473684210407e+02
2.370526315789473699e+02
2.383684210526315894e+02
2.406315789473684106e+02
2.424210526315789593e+02
2.438421052631578902e+02
2.448421052631578902e+02
2.457368421052631504e+02
2.468947368421052602e+02
2.477894736842105203e+02
2.487368421052631504e+02
2.503157894736842195e+02
2.536315789473684106e+02
2.536842105263157805e+02
2.554736842105263293e+02
2.566842105263157805e+02
2.577894736842105203e+02
2.590000000000000000e+02
2.598421052631579187e+02
2.607368421052631788e+02
2.623684210526315610e+02
2.655263157894736992e+02
2.655789473684210407e+02
2.665263157894736992e+02
2.674210526315789593e+02
2.682631578947368212e+02
2.691052631578947398e+02
2.699473684210526585e+02
2.707368421052631788e+02
2.715789473684210407e+02
2.725263157894736992e+02
2.729473684210526585e+02
2.741578947368420813e+02
2.751052631578947398e+02
2.760000000000000000e+02
2.767894736842105203e+02
2.776842105263157805e+02
2.785789473684210407e+02
2.794736842105263008e+02
2.804210526315789593e+02
2.808421052631579187e+02
2.821578947368420813e+02
2.831578947368420813e+02
2.840526315789473415e+02
2.850526315789473415e+02
2.860000000000000000e+02
2.870000000000000000e+02
2.888947368421052602e+02
2.956842105263157805e+02
2.971052631578947398e+02
2.985789473684210407e+02
2.998421052631579187e+02
3.014210526315789593e+02
3.032105263157894797e+02
3.046315789473684390e+02
3.058421052631579187e+02
3.072631578947368212e+02
3.087894736842105203e+02
3.101578947368420813e+02
3.114210526315789593e+02
3.129473684210526585e+02
3.142631578947368212e+02
3.155789473684210407e+02
3.168421052631579187e+02
3.187894736842105203e+02
3.200526315789473415e+02
3.207368421052631788e+02
3.220526315789473415e+02
3.234210526315789593e+02
3.248421052631579187e+02
3.264210526315789593e+02
3.280000000000000000e+02
3.298947368421052602e+02
3.315263157894736992e+02
3.333157894736842195e+02
3.346842105263157805e+02
3.359473684210526585e+02
3.372631578947368212e+02
3.387894736842105203e+02
3.401052631578947398e+02
3.412631578947368212e+02
3.428421052631579187e+02
3.442105263157894797e+02
3.455263157894736992e+02
3.467894736842105203e+02
3.482631578947368212e+02
3.495789473684210407e+02
3.508947368421052602e+02
3.523157894736842195e+02
3.552105263157894797e+02
3.608421052631579187e+02
3.628421052631579187e+02
3.665789473684210407e+02
3.696315789473684390e+02
3.737894736842105203e+02
3.775789473684210407e+02
3.848421052631579187e+02
3.867894736842105203e+02
3.918421052631579187e+02
3.935263157894736992e+02
3.977368421052631788e+02
3.991052631578947398e+02
4.060526315789473415e+02
4.099473684210526585e+02
4.166842105263157805e+02
4.273684210526315610e+02
4.373684210526315610e+02
