7.099999999999999645e+00
1.076666666666666750e+01
1.693333333333333357e+01
2.080000000000000071e+01
2.800000000000000000e+01
3.060000000000000142e+01
3.150000000000000000e+01
3.896666666666666856e+01
4.243333333333333002e+01
4.620000000000000284e+01
4.960000000000000142e+01
5.383333333333333570e+01
5.676666666666666572e+01
6.026666666666666572e+01
6.409999999999999432e+01
6.829999999999999716e+01
7.209999999999999432e+01
7.600000000000000000e+01
7.943333333333333712e+01
8.353333333333333144e+01
8.773333333333333428e+01
9.120000000000000284e+01
9.426666666666666572e+01
9.633333333333332860e+01
9.863333333333333997e+01
1.031666666666666714e+02
1.063333333333333286e+02
1.095666666666666629e+02
1.127999999999999972e+02
1.158666666666666600e+02
1.203666666666666600e+02
1.229000000000000057e+02
1.272333333333333343e+02
1.304666666666666686e+02
1.346333333333333258e+02
1.388666666666666742e+02
1.420666666666666629e+02
1.445999999999999943e+02
1.470000000000000000e+02
1.497666666666666799e+02
1.516666666666666572e+02
1.531666666666666572e+02
1.544000000000000057e+02
1.555333333333333314e+02
1.566333333333333258e+02
1.576999999999999886e+02
1.589333333333333371e+02
1.609000000000000057e+02
1.620000000000000000e+02
1.631666666666666572e+02
1.643000000000000114e+02
1.653333333333333428e+02
1.664666666666666686e+02
1.672666666666666799e+02
1.685666666666666629e+02
1.699000000000000057e+02
1.711333333333333258e+02
1.723000000000000114e+02
1.735999999999999943e+02
1.747666666666666799e+02
1.762333333333333201e+02
1.779000000000000057e+02
1.796666666666666572e+02
1.810000000000000000e+02
1.820000000000000000e+02
1.868333333333333428e+02
1.885666666666666629e+02
1.946666666666666572e+02
1.973333333333333428e+02
1.995333333333333314e+02
2.007666666666666799e+02
2.036333333333333258e+02
2.061333333333333258e+02
2.080999999999999943e+02
2.106333333333333258e+02
2.136666666666666572e+02
2.160333333333333314e+02
2.183666666666666742e+02
2.215666666666666629e+02
2.242333333333333201e+02
2.275666666666666629e+02
2.301666666666666572e+02
2.325333333333333314e+02
2.352666666666666799e+02
2.387666666666666799e+02
2.410666666666666629e+02
2.441999999999999886e+02
2.474333333333333371e+02
2.508333333333333428e+02
2.534000000000000057e+02
2.558000000000000114e+02
2.586666666666666856e+02
2.638000000000000114e+02
2.678999999999999773e+02
2.708999999999999773e+02
2.747666666666666515e+02
2.780000000000000000e+02
2.822333333333333485e+02
2.848999999999999773e+02
2.880666666666666629e+02
2.906000000000000227e+02
2.923666666666666742e+02
2.942333333333333485e+02
2.957666666666666515e+02
2.986999999999999886e+02
3.009333333333333371e+02
3.026000000000000227e+02
3.040000000000000000e+02
3.060000000000000000e+02
3.077666666666666515e+02
3.095333333333333599e+02
3.113999999999999773e+02
3.136666666666666856e+02
3.153000000000000114e+02
3.168000000000000114e+02
3.181666666666666856e+02
3.198000000000000114e+02
3.208666666666666742e+02
3.232333333333333485e+02
3.245666666666666629e+02
3.260000000000000000e+02
3.268000000000000114e+02
3.292666666666666515e+02
3.304333333333333371e+02
3.317666666666666515e+02
3.330333333333333599e+02
3.336999999999999886e+02
3.349666666666666401e+02
3.361333333333333258e+02
3.370666666666666629e+02
3.380000000000000000e+02
3.390000000000000000e+02
3.401333333333333258e+02
3.411000000000000227e+02
3.421333333333333258e+02
3.432333333333333485e+02
3.445333333333333599e+02
3.460000000000000000e+02
3.470333333333333599e+02
3.480666666666666629e+02
3.493333333333333144e+02
3.505333333333333599e+02
3.515666666666666629e+02
3.526333333333333258e+02
3.535666666666666629e+02
3.547333333333333485e+02
3.557666666666666515e+02
3.568999999999999773e+02
3.578999999999999773e+02
3.593333333333333144e+02
3.603666666666666742e+02
3.614333333333333371e+02
3.627666666666666515e+02
3.638999999999999773e+02
3.650666666666666629e+02
3.663000000000000114e+02
3.678999999999999773e+02
3.690666666666666629e+02
3.699666666666666401e+02
3.708666666666666742e+02
3.721000000000000227e+02
3.741333333333333258e+02
3.751666666666666856e+02
3.762333333333333485e+02
3.780333333333333599e+02
3.804333333333333371e+02
3.821333333333333258e+02
3.838333333333333144e+02
3.852666666666666515e+02
3.870666666666666629e+02
3.885666666666666629e+02
3.901999999999999886e+02
3.924333333333333371e+02
3.941999999999999886e+02
3.959333333333333371e+02
3.973999999999999773e+02
3.996000000000000227e+02
4.013333333333333144e+02
4.045333333333333599e+02
4.059666666666666401e+02
4.078333333333333144e+02
4.098333333333333144e+02
4.129333333333333371e+02
4.146333333333333258e+02
4.161000000000000227e+02
4.188999999999999773e+02
4.220000000000000000e+02
4.238000000000000114e+02
4.263999999999999773e+02
4.282333333333333485e+02
4.313666666666666742e+02
4.336666666666666856e+02
4.393999999999999773e+02
4.438333333333333144e+02
4.473000000000000114e+02
4.515333333333333599e+02
4.551333333333333258e+02
4.600333333333333599e+02
4.626999999999999886e+02
4.661666666666666856e+02
4.691333333333333258e+02
4.710666666666666629e+02
4.726666666666666856e+02
4.742666666666666515e+02
4.771999999999999886e+02
4.805666666666666629e+02
4.851000000000000227e+02
4.868000000000000114e+02
4.876666666666666856e+02
4.885666666666666629e+02
4.893666666666666742e+02
4.904333333333333371e+02
4.912666666666666515e+02
4.921333333333333258e+02
4.930333333333333599e+02
4.940000000000000000e+02
4.948666666666666742e+02
4.957333333333333485e+02
4.965000000000000000e+02
4.973333333333333144e+02
4.981000000000000227e+02
4.990333333333333599e+02
5.000000000000000000e+02
5.010333333333333599e+02
5.018666666666666742e+02
5.026666666666666856e+02
5.035000000000000000e+02
5.042333333333333485e+02
5.050666666666666629e+02
5.059333333333333371e+02
5.066666666666666856e+02
5.074666666666666401e+02
5.086999999999999886e+02
5.096333333333333258e+02
5.104333333333333371e+02
5.112333333333333485e+02
5.121666666666666288e+02
5.130000000000000000e+02
5.137999999999999545e+02
5.146000000000000227e+02
5.160000000000000000e+02
5.176000000000000227e+02
5.185000000000000000e+02
5.193999999999999773e+02
5.205333333333333030e+02
5.226666666666666288e+02
5.237999999999999545e+02
5.254333333333332803e+02
5.273333333333333712e+02
5.288999999999999773e+02
5.303666666666666742e+02
5.358333333333333712e+02
5.391333333333333258e+02
5.409333333333332803e+02
5.428333333333333712e+02
5.485666666666667197e+02
5.522333333333333485e+02
5.558333333333333712e+02
5.579666666666666970e+02
5.591333333333333258e+02
5.601000000000000227e+02
5.616000000000000227e+02
5.636000000000000227e+02
5.678333333333333712e+02
