8.055555555555555358e+00
1.866666666666666785e+01
2.527777777777777857e+01
3.566666666666666430e+01
4.266666666666666430e+01
4.805555555555555713e+01
5.333333333333333570e+01
5.855555555555555713e+01
6.405555555555555713e+01
6.972222222222222854e+01
7.511111111111111427e+01
8.061111111111111427e+01
8.600000000000000000e+01
9.155555555555555713e+01
9.727777777777777146e+01
1.023888888888888857e+02
1.079444444444444429e+02
1.133888888888888857e+02
1.183888888888888857e+02
1.237222222222222285e+02
1.296666666666666572e+02
1.375000000000000000e+02
1.444444444444444571e+02
1.520000000000000000e+02
1.611666666666666572e+02
1.669444444444444571e+02
1.731111111111111143e+02
1.784444444444444571e+02
1.838333333333333428e+02
1.890555555555555429e+02
1.953888888888888857e+02
2.006666666666666572e+02
2.064444444444444571e+02
2.118888888888888857e+02
2.175555555555555429e+02
2.232777777777777715e+02
2.290555555555555429e+02
2.345000000000000000e+02
2.401666666666666572e+02
2.455000000000000000e+02
2.512777777777777715e+02
2.571666666666666856e+02
2.628333333333333144e+02
2.683888888888889142e+02
2.790555555555555429e+02
2.805555555555555429e+02
2.805555555555555429e+02
2.832222222222222285e+02
2.838333333333333144e+02
2.844444444444444571e+02
2.856666666666666856e+02
2.871666666666666856e+02
2.882777777777777715e+02
2.886111111111110858e+02
2.886111111111110858e+02
2.886111111111110858e+02
2.897777777777777715e+02
2.951666666666666856e+02
2.963888888888889142e+02
2.975555555555555429e+02
2.990000000000000000e+02
3.003333333333333144e+02
3.021111111111110858e+02
3.021111111111110858e+02
3.021111111111110858e+02
3.021111111111110858e+02
3.030000000000000000e+02
3.057222222222222285e+02
3.070555555555555429e+02
3.083333333333333144e+02
3.096111111111110858e+02
3.109444444444444571e+02
3.121666666666666856e+02
3.135555555555555429e+02
3.148888888888889142e+02
3.162222222222222285e+02
3.175000000000000000e+02
3.187777777777777715e+02
3.200000000000000000e+02
3.212222222222222285e+02
3.226111111111110858e+02
3.238333333333333144e+02
3.289444444444444571e+02
3.301111111111110858e+02
3.314444444444444571e+02
3.324444444444444571e+02
3.339444444444444571e+02
3.350555555555555429e+02
3.362222222222222285e+02
3.374444444444444571e+02
3.397777777777777715e+02
3.426111111111110858e+02
3.450000000000000000e+02
3.491666666666666856e+02
3.628333333333333144e+02
3.658333333333333144e+02
3.687222222222222285e+02
3.721666666666666856e+02
3.753333333333333144e+02
3.783888888888889142e+02
3.819444444444444571e+02
3.853888888888889142e+02
3.902222222222222285e+02
3.921111111111110858e+02
3.950000000000000000e+02
3.985555555555555429e+02
4.018333333333333144e+02
4.052222222222222285e+02
4.089444444444444571e+02
4.127222222222222285e+02
4.168888888888889142e+02
4.200000000000000000e+02
4.200000000000000000e+02
4.205555555555555429e+02
4.263333333333333144e+02
4.339444444444444571e+02
4.372777777777777715e+02
4.408333333333333144e+02
4.452222222222222285e+02
4.485555555555555429e+02
4.518333333333333144e+02
4.550555555555555429e+02
4.584444444444444571e+02
4.620555555555555429e+02
4.653888888888889142e+02
4.698888888888889142e+02
4.738333333333333144e+02
4.776666666666666856e+02
4.826111111111110858e+02
4.865555555555555429e+02
4.910000000000000000e+02
4.946666666666666856e+02
4.985000000000000000e+02
5.033333333333333144e+02
5.059444444444444571e+02
5.078333333333333144e+02
5.098888888888889142e+02
5.121111111111110858e+02
5.141666666666666288e+02
5.163333333333333712e+02
5.185000000000000000e+02
5.206666666666666288e+02
5.228888888888889142e+02
5.251666666666666288e+02
5.275555555555555429e+02
5.297777777777778283e+02
5.321666666666666288e+02
5.343888888888889142e+02
5.365555555555555429e+02
5.391111111111110858e+02
5.412222222222221717e+02
5.433333333333333712e+02
5.443888888888889142e+02
5.474444444444444571e+02
5.493888888888889142e+02
5.515000000000000000e+02
5.543888888888889142e+02
5.555555555555555429e+02
5.577222222222221717e+02
5.600555555555555429e+02
5.627222222222221717e+02
5.651666666666666288e+02
5.651666666666666288e+02
5.651666666666666288e+02
5.661111111111110858e+02
5.691111111111110858e+02
5.717777777777778283e+02
5.746666666666666288e+02
5.780555555555555429e+02
5.818888888888889142e+02
5.848888888888889142e+02
6.049444444444444571e+02
6.138888888888889142e+02
6.206111111111110858e+02
6.312777777777778283e+02
6.344444444444444571e+02
6.392777777777778283e+02
6.438333333333333712e+02
6.485000000000000000e+02
6.533888888888889142e+02
6.566666666666666288e+02
6.566666666666666288e+02
6.566666666666666288e+02
6.590555555555555429e+02
6.638888888888889142e+02
6.685555555555555429e+02
6.737777777777778283e+02
6.797777777777778283e+02
6.873333333333333712e+02
6.918888888888889142e+02
