5.352941176470587870e+00
1.088235294117647101e+01
1.423529411764705799e+01
1.952941176470588402e+01
2.435294117647058698e+01
2.858823529411764852e+01
3.188235294117647101e+01
3.770588235294117396e+01
4.276470588235294201e+01
4.735294117647058698e+01
5.105882352941176805e+01
5.805882352941176805e+01
6.235294117647058698e+01
6.629411764705882604e+01
6.976470588235294201e+01
7.376470588235294201e+01
7.747058823529411598e+01
8.123529411764705799e+01
8.476470588235294201e+01
8.900000000000000000e+01
9.264705882352940591e+01
9.605882352941176805e+01
9.929411764705882604e+01
1.025882352941176521e+02
1.062352941176470580e+02
1.098823529411764639e+02
1.140588235294117680e+02
1.174705882352941160e+02
1.223529411764705941e+02
1.264705882352941160e+02
1.307058823529411882e+02
1.345294117647058840e+02
1.373529411764705799e+02
1.454117647058823479e+02
1.540588235294117680e+02
1.572941176470588118e+02
1.599411764705882320e+02
1.629411764705882320e+02
1.657058823529411882e+02
1.687058823529411882e+02
1.713529411764705799e+02
1.744117647058823479e+02
1.774117647058823479e+02
1.799411764705882320e+02
1.822941176470588118e+02
1.845882352941176521e+02
1.868823529411764639e+02
1.902941176470588118e+02
1.934117647058823479e+02
1.964705882352941160e+02
1.995882352941176521e+02
2.027058823529411882e+02
2.049411764705882320e+02
2.076470588235294201e+02
2.105882352941176521e+02
2.134117647058823479e+02
2.155882352941176521e+02
2.156470588235294201e+02
2.290588235294117680e+02
2.327647058823529278e+02
2.360588235294117680e+02
2.391176470588235361e+02
2.428235294117646959e+02
2.477058823529411882e+02
2.519411764705882320e+02
2.547058823529411882e+02
2.558235294117646959e+02
2.560588235294117680e+02
2.602941176470588402e+02
2.652352941176470722e+02
2.721764705882353041e+02
2.759411764705882320e+02
2.798235294117646959e+02
2.869411764705882320e+02
2.897058823529411598e+02
2.942941176470588402e+02
