2.714285714285714413e+00
3.857142857142857206e+00
5.000000000000000000e+00
6.142857142857143238e+00
7.714285714285714413e+00
8.928571428571428825e+00
1.014285714285714235e+01
1.128571428571428648e+01
1.314285714285714235e+01
2.157142857142857295e+01
3.050000000000000000e+01
3.814285714285714590e+01
4.242857142857143060e+01
4.892857142857143060e+01
6.028571428571428470e+01
7.042857142857143060e+01
7.121428571428570820e+01
7.235714285714286120e+01
7.335714285714286120e+01
7.435714285714286120e+01
7.542857142857143060e+01
7.671428571428570820e+01
7.835714285714286120e+01
7.957142857142856940e+01
8.071428571428570820e+01
8.200000000000000000e+01
8.342857142857143060e+01
8.471428571428570820e+01
8.585714285714286120e+01
8.707142857142856940e+01
8.821428571428570820e+01
8.942857142857143060e+01
9.064285714285713880e+01
9.178571428571429180e+01
9.307142857142856940e+01
9.421428571428570820e+01
9.542857142857143060e+01
9.664285714285713880e+01
9.778571428571429180e+01
9.892857142857143060e+01
1.000000000000000000e+02
1.012142857142857082e+02
1.024285714285714306e+02
1.035000000000000000e+02
1.046428571428571388e+02
1.057142857142857082e+02
1.067857142857142918e+02
1.079285714285714306e+02
1.090714285714285694e+02
1.107142857142857082e+02
1.117857142857142918e+02
1.130000000000000000e+02
1.142857142857142918e+02
1.161428571428571388e+02
1.173571428571428612e+02
1.185714285714285694e+02
1.197142857142857082e+02
1.210714285714285694e+02
1.230000000000000000e+02
1.315714285714285836e+02
1.401428571428571388e+02
1.456428571428571388e+02
1.520000000000000000e+02
1.627857142857142776e+02
1.719285714285714164e+02
1.775714285714285836e+02
1.892857142857142776e+02
1.900714285714285836e+02
1.911428571428571388e+02
1.922857142857142776e+02
1.935000000000000000e+02
1.947857142857142776e+02
1.958571428571428612e+02
1.970000000000000000e+02
1.981428571428571388e+02
1.994285714285714164e+02
2.021428571428571388e+02
2.035714285714285836e+02
2.048571428571428612e+02
2.056428571428571388e+02
2.072142857142857224e+02
2.085000000000000000e+02
2.097142857142857224e+02
2.110714285714285836e+02
2.122857142857142776e+02
2.135714285714285836e+02
2.162142857142857224e+02
2.183571428571428612e+02
2.200000000000000000e+02
2.207142857142857224e+02
2.220714285714285836e+02
2.235714285714285836e+02
2.250000000000000000e+02
2.265714285714285836e+02
2.277857142857142776e+02
2.289285714285714164e+02
2.300714285714285836e+02
2.311428571428571388e+02
2.325000000000000000e+02
2.359285714285714164e+02
2.515714285714285836e+02
2.516428571428571388e+02
