1.566666666666666652e+00
2.666666666666666519e+00
3.766666666666666607e+00
4.833333333333333037e+00
5.933333333333333570e+00
7.033333333333333215e+00
8.133333333333332860e+00
9.233333333333332504e+00
1.033333333333333393e+01
1.140000000000000036e+01
1.250000000000000000e+01
1.359999999999999964e+01
1.469999999999999929e+01
1.580000000000000071e+01
1.693333333333333357e+01
1.803333333333333499e+01
1.913333333333333286e+01
2.019999999999999929e+01
2.133333333333333215e+01
2.236666666666666714e+01
2.350000000000000000e+01
2.456666666666666643e+01
2.566666666666666785e+01
2.669999999999999929e+01
2.769999999999999929e+01
2.873333333333333428e+01
2.976666666666666572e+01
3.080000000000000071e+01
3.180000000000000071e+01
3.279999999999999716e+01
3.383333333333333570e+01
3.486666666666666714e+01
3.589999999999999858e+01
3.693333333333333002e+01
3.793333333333333002e+01
3.893333333333333002e+01
4.000000000000000000e+01
4.100000000000000000e+01
4.203333333333333144e+01
4.300000000000000000e+01
4.403333333333333144e+01
4.506666666666666998e+01
4.610000000000000142e+01
4.713333333333333286e+01
4.816666666666666430e+01
4.920000000000000284e+01
5.023333333333333428e+01
5.123333333333333428e+01
5.220000000000000284e+01
5.323333333333333428e+01
5.420000000000000284e+01
5.523333333333333428e+01
5.620000000000000284e+01
5.720000000000000284e+01
5.820000000000000284e+01
5.956666666666666998e+01
6.063333333333333286e+01
6.166666666666666430e+01
6.266666666666666430e+01
6.370000000000000284e+01
6.473333333333333428e+01
6.573333333333333428e+01
6.676666666666666572e+01
6.779999999999999716e+01
6.886666666666666003e+01
6.993333333333333712e+01
7.096666666666666856e+01
7.203333333333333144e+01
7.306666666666666288e+01
7.409999999999999432e+01
7.513333333333333997e+01
7.616666666666667140e+01
7.716666666666667140e+01
7.820000000000000284e+01
7.923333333333333428e+01
8.050000000000000000e+01
8.150000000000000000e+01
8.250000000000000000e+01
8.353333333333333144e+01
8.456666666666666288e+01
8.559999999999999432e+01
8.666666666666667140e+01
8.770000000000000284e+01
8.870000000000000284e+01
8.976666666666666572e+01
9.083333333333332860e+01
9.183333333333332860e+01
9.286666666666666003e+01
9.393333333333333712e+01
9.493333333333333712e+01
9.596666666666666856e+01
9.700000000000000000e+01
9.803333333333333144e+01
9.906666666666666288e+01
1.001666666666666714e+02
1.012666666666666657e+02
1.023333333333333286e+02
1.034333333333333371e+02
1.043666666666666600e+02
1.055999999999999943e+02
1.067000000000000028e+02
1.077666666666666657e+02
1.088666666666666600e+02
1.099666666666666686e+02
1.110333333333333314e+02
1.120999999999999943e+02
1.132000000000000028e+02
1.143333333333333286e+02
1.155666666666666629e+02
1.169666666666666686e+02
1.179666666666666686e+02
1.190000000000000000e+02
1.199666666666666686e+02
1.209666666666666686e+02
1.219666666666666686e+02
1.229666666666666686e+02
1.239333333333333371e+02
1.249666666666666686e+02
1.260000000000000000e+02
1.270000000000000000e+02
1.280000000000000000e+02
1.290333333333333314e+02
1.300999999999999943e+02
1.311666666666666572e+02
1.321999999999999886e+02
1.332333333333333201e+02
1.342666666666666799e+02
1.353333333333333428e+02
1.363666666666666742e+02
1.374666666666666686e+02
1.384666666666666686e+02
1.395666666666666629e+02
1.406999999999999886e+02
1.418000000000000114e+02
1.428666666666666742e+02
1.442666666666666799e+02
1.452666666666666799e+02
1.462333333333333201e+02
1.471999999999999886e+02
1.481666666666666572e+02
1.491333333333333258e+02
1.500999999999999943e+02
1.510999999999999943e+02
1.529000000000000057e+02
1.540000000000000000e+02
1.550666666666666629e+02
1.560999999999999943e+02
1.571333333333333258e+02
1.581999999999999886e+02
1.592333333333333201e+02
1.602333333333333201e+02
1.612666666666666799e+02
1.623000000000000114e+02
1.633000000000000114e+02
1.643333333333333428e+02
1.653000000000000114e+02
1.663333333333333428e+02
1.673333333333333428e+02
1.683333333333333428e+02
1.693333333333333428e+02
1.703666666666666742e+02
1.714333333333333371e+02
1.724333333333333371e+02
1.735000000000000000e+02
1.745333333333333314e+02
1.755666666666666629e+02
1.765666666666666629e+02
1.777333333333333201e+02
1.787666666666666799e+02
1.800000000000000000e+02
1.810000000000000000e+02
1.825999999999999943e+02
1.836999999999999886e+02
1.847666666666666799e+02
1.858000000000000114e+02
1.868333333333333428e+02
1.879000000000000057e+02
1.889333333333333371e+02
1.899666666666666686e+02
1.910000000000000000e+02
1.920666666666666629e+02
1.931333333333333258e+02
1.941666666666666572e+02
1.951999999999999886e+02
1.962666666666666799e+02
1.973000000000000114e+02
1.983333333333333428e+02
1.993666666666666742e+02
2.003666666666666742e+02
2.014333333333333371e+02
2.025000000000000000e+02
2.036666666666666572e+02
2.047333333333333201e+02
2.058000000000000114e+02
2.068666666666666742e+02
2.079333333333333371e+02
2.090000000000000000e+02
2.100666666666666629e+02
2.111333333333333258e+02
2.121666666666666572e+02
2.132666666666666799e+02
2.143000000000000114e+02
2.153666666666666742e+02
2.164333333333333371e+02
2.175333333333333314e+02
2.186333333333333258e+02
2.197666666666666799e+02
2.209333333333333371e+02
2.222666666666666799e+02
2.257333333333333201e+02
2.268333333333333428e+02
2.278333333333333428e+02
2.288333333333333428e+02
2.297666666666666799e+02
2.306666666666666572e+02
2.315333333333333314e+02
2.323333333333333428e+02
2.331333333333333258e+02
2.339333333333333371e+02
2.346999999999999886e+02
2.355000000000000000e+02
2.365000000000000000e+02
2.374333333333333371e+02
2.387666666666666799e+02
2.401333333333333258e+02
2.403333333333333428e+02
