1.970588235294117752e+00
2.970588235294117752e+00
4.058823529411764497e+00
5.088235294117646745e+00
7.088235294117646745e+00
8.676470588235293491e+00
9.941176470588235503e+00
1.114705882352941124e+01
1.226470588235294201e+01
1.335294117647058876e+01
1.444117647058823550e+01
1.550000000000000000e+01
1.655882352941176450e+01
1.761764705882352899e+01
1.882352941176470651e+01
1.997058823529411598e+01
2.105882352941176450e+01
2.214705882352941302e+01
2.320588235294117752e+01
2.435294117647058698e+01
2.544117647058823550e+01
2.652941176470588402e+01
2.764705882352941302e+01
2.870588235294117752e+01
3.038235294117647101e+01
3.132352941176470651e+01
3.261764705882352899e+01
3.385294117647058698e+01
3.500000000000000000e+01
3.614705882352941302e+01
3.726470588235294201e+01
3.841176470588235503e+01
3.947058823529411598e+01
4.064705882352941302e+01
4.173529411764705799e+01
4.285294117647058698e+01
4.391176470588235503e+01
4.500000000000000000e+01
4.605882352941176805e+01
4.714705882352941302e+01
4.823529411764705799e+01
4.952941176470588402e+01
5.067647058823529704e+01
5.185294117647058698e+01
5.297058823529411598e+01
5.411764705882352899e+01
5.529411764705882604e+01
5.644117647058823195e+01
5.761764705882352899e+01
5.879411764705882604e+01
5.994117647058823195e+01
6.105882352941176805e+01
6.220588235294117396e+01
6.326470588235294201e+01
6.435294117647059409e+01
6.570588235294117396e+01
6.673529411764705799e+01
6.776470588235294201e+01
6.882352941176471006e+01
6.988235294117646390e+01
7.100000000000000000e+01
7.211764705882353610e+01
7.323529411764705799e+01
7.432352941176471006e+01
7.541176470588234793e+01
7.652941176470588402e+01
7.767647058823528994e+01
7.876470588235294201e+01
7.982352941176471006e+01
8.094117647058823195e+01
8.223529411764705799e+01
8.329411764705882604e+01
8.441176470588234793e+01
8.558823529411765207e+01
8.682352941176471006e+01
8.794117647058823195e+01
8.911764705882353610e+01
9.023529411764705799e+01
9.138235294117646390e+01
9.252941176470588402e+01
9.376470588235294201e+01
9.497058823529411598e+01
9.614705882352940591e+01
9.729411764705882604e+01
9.844117647058823195e+01
9.958823529411765207e+01
1.010000000000000000e+02
1.019117647058823479e+02
1.030000000000000000e+02
1.051470588235294059e+02
1.065882352941176521e+02
1.076470588235294059e+02
1.087941176470588260e+02
1.099411764705882320e+02
1.111470588235294059e+02
1.139411764705882320e+02
1.156764705882352899e+02
1.170000000000000000e+02
1.182647058823529420e+02
1.194705882352941160e+02
1.206470588235294059e+02
1.217647058823529420e+02
1.228823529411764639e+02
1.240000000000000000e+02
1.250882352941176521e+02
1.263235294117647101e+02
1.276176470588235361e+02
1.287058823529411882e+02
1.297941176470588118e+02
1.308823529411764639e+02
1.320588235294117680e+02
1.331764705882353041e+02
1.342647058823529278e+02
1.354117647058823479e+02
1.364705882352941160e+02
1.382647058823529278e+02
1.389705882352941160e+02
1.405882352941176521e+02
1.417647058823529278e+02
1.429411764705882320e+02
1.441176470588235361e+02
1.452352941176470722e+02
1.464117647058823479e+02
1.476176470588235361e+02
1.488235294117646959e+02
1.502647058823529278e+02
1.513235294117646959e+02
1.523823529411764639e+02
1.534117647058823479e+02
1.544705882352941160e+02
1.555588235294117680e+02
1.566470588235294201e+02
1.582352941176470722e+02
1.595294117647058840e+02
1.607647058823529278e+02
1.619117647058823479e+02
1.631176470588235361e+02
1.642352941176470722e+02
1.654705882352941160e+02
1.666470588235294201e+02
1.692647058823529278e+02
1.707058823529411882e+02
1.717941176470588118e+02
1.728529411764705799e+02
1.739411764705882320e+02
1.750882352941176521e+02
1.772058823529411882e+02
1.811764705882353041e+02
1.910294117647058840e+02
1.933823529411764639e+02
1.958235294117646959e+02
1.989705882352941160e+02
2.022647058823529278e+02
2.053235294117646959e+02
2.095882352941176521e+02
2.121764705882353041e+02
2.136470588235294201e+02
2.148823529411764639e+02
2.161470588235294201e+02
2.175294117647058840e+02
2.194705882352941160e+02
2.254705882352941160e+02
