2.812500000000000000e+00
5.625000000000000000e+00
8.750000000000000000e+00
1.150000000000000000e+01
1.456250000000000000e+01
1.737500000000000000e+01
2.025000000000000000e+01
2.343750000000000000e+01
2.812500000000000000e+01
3.125000000000000000e+01
3.450000000000000000e+01
3.737500000000000000e+01
4.087500000000000000e+01
4.387500000000000000e+01
4.668750000000000000e+01
5.031250000000000000e+01
5.431250000000000000e+01
5.700000000000000000e+01
5.937500000000000000e+01
6.168750000000000000e+01
6.443750000000000000e+01
6.675000000000000000e+01
6.887500000000000000e+01
7.150000000000000000e+01
7.443750000000000000e+01
7.700000000000000000e+01
7.937500000000000000e+01
8.156250000000000000e+01
8.393750000000000000e+01
8.643750000000000000e+01
8.975000000000000000e+01
9.212500000000000000e+01
9.437500000000000000e+01
9.718750000000000000e+01
1.016875000000000000e+02
1.051875000000000000e+02
1.081875000000000000e+02
1.111875000000000000e+02
1.141875000000000000e+02
1.165625000000000000e+02
1.186250000000000000e+02
1.213125000000000000e+02
1.245000000000000000e+02
1.268750000000000000e+02
1.293750000000000000e+02
1.326875000000000000e+02
1.360625000000000000e+02
1.400625000000000000e+02
1.468125000000000000e+02
1.498750000000000000e+02
1.525000000000000000e+02
1.551250000000000000e+02
1.581250000000000000e+02
1.609375000000000000e+02
1.636250000000000000e+02
1.668125000000000000e+02
1.712500000000000000e+02
1.747500000000000000e+02
1.776875000000000000e+02
1.806250000000000000e+02
1.840000000000000000e+02
1.868125000000000000e+02
1.897500000000000000e+02
1.935000000000000000e+02
1.991250000000000000e+02
2.034375000000000000e+02
2.073125000000000000e+02
2.114375000000000000e+02
2.157500000000000000e+02
2.199375000000000000e+02
2.238125000000000000e+02
2.282500000000000000e+02
2.342500000000000000e+02
2.373750000000000000e+02
2.399375000000000000e+02
2.425625000000000000e+02
2.453125000000000000e+02
2.481875000000000000e+02
2.508125000000000000e+02
2.532500000000000000e+02
2.561250000000000000e+02
2.597500000000000000e+02
2.633125000000000000e+02
2.678125000000000000e+02
2.723750000000000000e+02
2.751875000000000000e+02
2.781250000000000000e+02
2.808750000000000000e+02
2.840000000000000000e+02
2.866250000000000000e+02
2.892500000000000000e+02
2.927500000000000000e+02
2.963750000000000000e+02
2.990000000000000000e+02
3.011875000000000000e+02
3.037500000000000000e+02
3.066250000000000000e+02
3.088750000000000000e+02
3.109375000000000000e+02
3.134375000000000000e+02
3.164375000000000000e+02
3.189375000000000000e+02
3.212500000000000000e+02
3.234375000000000000e+02
3.257500000000000000e+02
3.282500000000000000e+02
3.314375000000000000e+02
3.337500000000000000e+02
3.360625000000000000e+02
3.388125000000000000e+02
3.434375000000000000e+02
3.468750000000000000e+02
3.500000000000000000e+02
3.525625000000000000e+02
3.551250000000000000e+02
3.573125000000000000e+02
3.592500000000000000e+02
3.616875000000000000e+02
3.643750000000000000e+02
3.666250000000000000e+02
3.690625000000000000e+02
3.726875000000000000e+02
3.761250000000000000e+02
3.804375000000000000e+02
3.960000000000000000e+02
