4.923076923076923350e+00
9.769230769230770051e+00
1.469230769230769162e+01
1.953846153846154010e+01
2.453846153846154010e+01
2.938461538461538325e+01
3.423076923076923350e+01
3.946153846153845990e+01
4.430769230769230660e+01
4.953846153846154010e+01
5.446153846153845990e+01
5.946153846153845990e+01
6.500000000000000000e+01
7.046153846153846700e+01
7.561538461538461320e+01
8.061538461538461320e+01
8.615384615384616041e+01
9.115384615384616041e+01
9.707692307692308020e+01
1.020000000000000000e+02
1.068461538461538396e+02
1.119230769230769198e+02
1.177692307692307736e+02
1.236923076923076934e+02
1.290769230769230660e+02
1.360000000000000000e+02
1.472307692307692264e+02
