2.299999999999999822e+00
5.500000000000000000e+00
8.599999999999999645e+00
1.180000000000000071e+01
1.550000000000000000e+01
1.844999999999999929e+01
2.200000000000000000e+01
2.525000000000000000e+01
2.844999999999999929e+01
3.169999999999999929e+01
3.529999999999999716e+01
3.860000000000000142e+01
4.220000000000000284e+01
4.539999999999999858e+01
4.900000000000000000e+01
5.229999999999999716e+01
5.570000000000000284e+01
5.895000000000000284e+01
6.210000000000000142e+01
6.245000000000000284e+01
6.579999999999999716e+01
6.900000000000000000e+01
7.229999999999999716e+01
7.584999999999999432e+01
7.909999999999999432e+01
8.254999999999999716e+01
8.584999999999999432e+01
8.904999999999999716e+01
9.229999999999999716e+01
9.584999999999999432e+01
9.915000000000000568e+01
1.028499999999999943e+02
1.061500000000000057e+02
1.102500000000000000e+02
1.131500000000000057e+02
1.167000000000000028e+02
1.199500000000000028e+02
1.230499999999999972e+02
1.234000000000000057e+02
1.267000000000000028e+02
1.299499999999999886e+02
1.333000000000000114e+02
1.364000000000000057e+02
1.396500000000000057e+02
1.428499999999999943e+02
1.463000000000000114e+02
1.495999999999999943e+02
1.529000000000000057e+02
1.560999999999999943e+02
1.592500000000000000e+02
1.634000000000000057e+02
1.664000000000000057e+02
1.699499999999999886e+02
1.731999999999999886e+02
1.764000000000000057e+02
1.796999999999999886e+02
1.830500000000000114e+02
1.861999999999999886e+02
1.894499999999999886e+02
1.930500000000000114e+02
1.978499999999999943e+02
2.001500000000000057e+02
2.032500000000000000e+02
2.073499999999999943e+02
2.101500000000000057e+02
2.135500000000000114e+02
2.168000000000000114e+02
2.204000000000000057e+02
