2.611111111111111160e+00
6.111111111111110716e+00
9.944444444444444642e+00
1.361111111111111072e+01
1.772222222222222143e+01
2.155555555555555713e+01
2.450000000000000000e+01
2.688888888888888928e+01
3.138888888888888928e+01
3.522222222222222143e+01
3.822222222222222143e+01
4.105555555555555713e+01
4.383333333333333570e+01
4.588888888888888573e+01
4.966666666666666430e+01
5.316666666666666430e+01
5.744444444444444287e+01
5.844444444444444287e+01
6.188888888888888573e+01
6.394444444444444287e+01
6.722222222222222854e+01
7.088888888888888573e+01
7.277777777777777146e+01
7.727777777777777146e+01
8.044444444444444287e+01
8.438888888888888573e+01
8.666666666666667140e+01
9.150000000000000000e+01
9.416666666666667140e+01
9.772222222222222854e+01
9.983333333333332860e+01
1.030000000000000000e+02
1.071111111111111143e+02
1.100000000000000000e+02
1.128333333333333286e+02
1.161666666666666714e+02
1.167777777777777715e+02
1.211111111111111143e+02
1.250000000000000000e+02
1.262222222222222285e+02
1.305000000000000000e+02
1.355555555555555429e+02
1.394444444444444571e+02
1.431666666666666572e+02
1.471111111111111143e+02
1.511666666666666572e+02
1.540555555555555429e+02
1.581111111111111143e+02
1.617222222222222285e+02
1.650000000000000000e+02
1.690000000000000000e+02
1.726111111111111143e+02
1.768333333333333428e+02
1.795000000000000000e+02
1.816111111111111143e+02
1.846666666666666572e+02
1.876666666666666572e+02
1.915555555555555429e+02
1.953888888888888857e+02
1.987777777777777715e+02
2.026666666666666572e+02
2.055555555555555429e+02
2.097777777777777715e+02
2.124444444444444571e+02
2.151111111111111143e+02
2.187777777777777715e+02
2.246111111111111143e+02
2.308333333333333428e+02
2.346111111111111143e+02
2.346666666666666572e+02
2.376111111111111143e+02
2.399444444444444571e+02
2.530555555555555429e+02
2.570000000000000000e+02
2.587777777777777715e+02
2.623888888888889142e+02
2.651666666666666856e+02
2.685000000000000000e+02
2.728333333333333144e+02
2.775555555555555429e+02
2.817222222222222285e+02
2.857222222222222285e+02
2.911666666666666856e+02
2.920555555555555429e+02
3.014444444444444571e+02
3.056666666666666856e+02
3.095555555555555429e+02
3.138333333333333144e+02
3.179444444444444571e+02
3.205000000000000000e+02
3.252777777777777715e+02
3.313333333333333144e+02
3.361111111111110858e+02
3.397777777777777715e+02
3.431111111111110858e+02
