2.052631578947368585e+00
3.421052631578947345e+00
4.684210526315789380e+00
6.105263157894737169e+00
7.842105263157894690e+00
9.157894736842104422e+00
1.036842105263157876e+01
1.184210526315789558e+01
1.336842105263157876e+01
1.473684210526315752e+01
1.600000000000000000e+01
1.752631578947368496e+01
1.900000000000000000e+01
2.036842105263157876e+01
2.163157894736842124e+01
2.342105263157894868e+01
2.447368421052631504e+01
2.542105263157894868e+01
2.684210526315789380e+01
2.842105263157894868e+01
2.984210526315789380e+01
3.163157894736842124e+01
3.305263157894736992e+01
3.442105263157894512e+01
3.600000000000000000e+01
3.778947368421052744e+01
3.910526315789473983e+01
4.026315789473684248e+01
4.163157894736841769e+01
4.326315789473684248e+01
4.442105263157894512e+01
4.557894736842105488e+01
4.694736842105263008e+01
4.831578947368421240e+01
4.978947368421052744e+01
5.105263157894736992e+01
5.252631578947368496e+01
5.405263157894736992e+01
5.547368421052631504e+01
5.689473684210526017e+01
5.936842105263158231e+01
6.342105263157894512e+01
6.489473684210526017e+01
6.626315789473683537e+01
6.742105263157894512e+01
6.889473684210526017e+01
7.063157894736842479e+01
7.226315789473683537e+01
7.378947368421052033e+01
7.542105263157894512e+01
7.689473684210526017e+01
7.831578947368420529e+01
7.952631578947368496e+01
8.078947368421052033e+01
8.236842105263157521e+01
8.400000000000000000e+01
8.547368421052631504e+01
8.705263157894736992e+01
8.842105263157894512e+01
8.989473684210526017e+01
9.142105263157894512e+01
9.268421052631579471e+01
9.400000000000000000e+01
9.521052631578947967e+01
9.663157894736842479e+01
9.842105263157894512e+01
9.963157894736842479e+01
1.010000000000000000e+02
1.020526315789473699e+02
1.035789473684210549e+02
1.052105263157894797e+02
1.069473684210526301e+02
1.084736842105263150e+02
1.098947368421052602e+02
1.111578947368421098e+02
1.125263157894736850e+02
1.133157894736842053e+02
1.151578947368421098e+02
1.164736842105263150e+02
1.176315789473684248e+02
1.187368421052631646e+02
1.206842105263157947e+02
1.218947368421052602e+02
1.230000000000000000e+02
1.240526315789473699e+02
1.251578947368421098e+02
1.262105263157894797e+02
1.272105263157894797e+02
1.284210526315789593e+02
1.298947368421052602e+02
1.311052631578947398e+02
1.324210526315789593e+02
1.334736842105263293e+02
1.348947368421052602e+02
1.363684210526315894e+02
1.379473684210526301e+02
1.394210526315789593e+02
1.410526315789473699e+02
1.434736842105263293e+02
1.451052631578947398e+02
1.477368421052631504e+02
1.500526315789473699e+02
1.522105263157894797e+02
1.537368421052631504e+02
1.564736842105263293e+02
1.585263157894736707e+02
1.603684210526315894e+02
1.611578947368421098e+02
1.651578947368421098e+02
1.679473684210526301e+02
1.700000000000000000e+02
1.706842105263157805e+02
1.766315789473684106e+02
1.834736842105263293e+02
1.851052631578947398e+02
1.863684210526315894e+02
1.876842105263157805e+02
1.893684210526315894e+02
1.905263157894736707e+02
1.917894736842105203e+02
1.934736842105263293e+02
1.952105263157894797e+02
1.965789473684210407e+02
1.977894736842105203e+02
1.992631578947368496e+02
2.007368421052631504e+02
2.022105263157894797e+02
2.034736842105263293e+02
2.053684210526315894e+02
2.064736842105263293e+02
2.074736842105263293e+02
2.087894736842105203e+02
2.101578947368421098e+02
2.115263157894736707e+02
2.131052631578947398e+02
2.143684210526315894e+02
2.158947368421052602e+02
2.173684210526315894e+02
2.192105263157894797e+02
2.206842105263157805e+02
2.218947368421052602e+02
2.232631578947368496e+02
2.247368421052631504e+02
2.260526315789473699e+02
2.272105263157894797e+02
2.286315789473684106e+02
2.302105263157894797e+02
2.314210526315789593e+02
2.326315789473684106e+02
2.340526315789473699e+02
2.356315789473684106e+02
2.370526315789473699e+02
2.383684210526315894e+02
2.406842105263157805e+02
2.424210526315789593e+02
2.434210526315789593e+02
2.448421052631578902e+02
2.457368421052631504e+02
2.468947368421052602e+02
2.477894736842105203e+02
2.487368421052631504e+02
2.503157894736842195e+02
2.529473684210526301e+02
2.536842105263157805e+02
2.550000000000000000e+02
2.566842105263157805e+02
2.577894736842105203e+02
2.590000000000000000e+02
2.598421052631579187e+02
2.607368421052631788e+02
2.623684210526315610e+02
2.651578947368420813e+02
2.655789473684210407e+02
2.665263157894736992e+02
2.674210526315789593e+02
2.682631578947368212e+02
2.691052631578947398e+02
2.699473684210526585e+02
2.707368421052631788e+02
2.715789473684210407e+02
2.725263157894736992e+02
2.729473684210526585e+02
2.741578947368420813e+02
2.751052631578947398e+02
2.760526315789473415e+02
2.768421052631579187e+02
2.777368421052631788e+02
2.785789473684210407e+02
2.794736842105263008e+02
2.804210526315789593e+02
2.808421052631579187e+02
2.816315789473684390e+02
2.831578947368420813e+02
2.840526315789473415e+02
2.850526315789473415e+02
2.858947368421052602e+02
2.870526315789473415e+02
2.889473684210526585e+02
2.921052631578947398e+02
2.971578947368420813e+02
2.985789473684210407e+02
2.998421052631579187e+02
3.014736842105263008e+02
3.032105263157894797e+02
3.046842105263157805e+02
3.058947368421052602e+02
3.072631578947368212e+02
3.087894736842105203e+02
3.102105263157894797e+02
3.114210526315789593e+02
3.129473684210526585e+02
3.142631578947368212e+02
3.156315789473684390e+02
3.168947368421052602e+02
3.187894736842105203e+02
3.198947368421052602e+02
3.207368421052631788e+02
3.220526315789473415e+02
3.234210526315789593e+02
3.248947368421052602e+02
3.264210526315789593e+02
3.280000000000000000e+02
3.299473684210526585e+02
3.315263157894736992e+02
3.333684210526315610e+02
3.346842105263157805e+02
3.359473684210526585e+02
3.372631578947368212e+02
3.387894736842105203e+02
3.401578947368420813e+02
3.413157894736842195e+02
3.428421052631579187e+02
3.442105263157894797e+02
3.455263157894736992e+02
3.467894736842105203e+02
3.482631578947368212e+02
3.496315789473684390e+02
3.508947368421052602e+02
3.523157894736842195e+02
3.552105263157894797e+02
3.608421052631579187e+02
3.630526315789473415e+02
3.666842105263157805e+02
3.699473684210526585e+02
3.737894736842105203e+02
3.778947368421052602e+02
3.820526315789473415e+02
3.880526315789473415e+02
3.916842105263157805e+02
3.937368421052631788e+02
3.977368421052631788e+02
3.991052631578947398e+02
4.060526315789473415e+02
4.108947368421052602e+02
4.201052631578947398e+02
4.278947368421052602e+02
4.373684210526315610e+02
