2
3.421052632
4.657894737
6.105263158
7.842105263
9.131578947
10.36842105
11.81578947
13.36842105
14.71052632
15.97368421
17.47368421
18.97368421
20.36842105
21.63157895
23.42105263
24.52631579
25.39473684
26.84210526
28.39473684
29.84210526
31.60526316
33.02631579
34.39473684
35.94736842
37.76315789
39.10526316
40.26315789
41.60526316
43.23684211
44.39473684
45.57894737
46.94736842
48.31578947
49.76315789
51.05263158
52.52631579
54.02631579
55.44736842
56.89473684
59.36842105
63.42105263
64.94736842
66.23684211
67.47368421
68.89473684
70.63157895
72.21052632
73.78947368
75.42105263
77
78.31578947
79.52631579
80.78947368
82.36842105
83.94736842
85.44736842
87
88.42105263
89.89473684
91.39473684
92.68421053
94
95.21052632
96.60526316
98.39473684
99.73684211
101
102.1578947
103.5789474
105.2105263
106.8947368
108.4736842
109.8684211
111.1052632
112.5263158
113.5526316
115.2368421
116.4473684
117.6052632
118.8421053
120.6315789
121.8947368
123
124.0526316
125.1578947
126.2105263
127.1842105
128.3947368
129.8947368
131.1052632
132.4210526
133.4736842
134.8947368
136.3684211
137.8947368
139.4210526
141.0526316
143.4736842
145.2894737
147.7368421
150.0526316
152.2105263
154.1578947
156.5263158
158.6052632
160.3947368
162
165.0789474
167.9473684
170
171.7368421
176.6315789
183.4210526
185.1052632
186.3421053
187.6842105
189.3421053
190.5263158
191.7894737
193.4473684
195.2105263
196.5526316
197.7631579
199.2105263
200.7368421
202.1578947
203.4736842
205.3684211
206.5526316
207.4473684
208.7631579
210.1315789
211.5
213.0789474
214.3684211
215.8421053
217.3421053
219.2105263
220.6842105
221.8947368
223.2368421
224.7105263
226.0526316
227.2105263
228.6315789
230.2105263
231.3947368
232.6315789
234
235.6052632
237.0526316
238.3684211
240.6578947
242.4210526
243.6315789
244.8421053
245.7368421
246.8947368
247.7894737
248.7368421
250.3157895
253.2894737
253.6842105
255.2368421
256.6842105
257.7894737
259
259.8421053
260.7368421
262.3684211
265.3421053
265.5789474
266.5263158
267.4210526
268.2631579
269.1052632
269.9473684
270.7368421
271.5789474
272.5263158
272.9473684
274.1578947
275.1052632
276.0263158
276.8157895
277.7105263
278.5789474
279.4736842
280.4210526
280.8421053
281.8947368
283.1578947
284.0526316
285.0526316
285.9473684
287.0263158
288.9210526
293.8947368
297.1315789
298.5789474
299.8421053
301.4473684
303.2105263
304.6578947
305.8684211
307.2631579
308.7894737
310.1842105
311.4210526
312.9473684
314.2631579
315.6052632
316.8684211
318.7894737
319.9736842
320.7368421
322.0526316
323.4210526
324.8684211
326.4210526
328
329.9210526
331.5263158
333.3421053
334.6842105
335.9473684
337.2631579
338.7894737
340.1315789
341.2894737
342.8421053
344.2105263
345.5263158
346.7894737
348.2631579
349.6052632
350.8947368
352.3157895
355.2105263
360.8421053
362.9473684
366.6315789
369.7894737
373.7894737
377.7368421
383.4473684
387.4210526
391.7631579
393.6315789
397.7368421
399.1052632
406.0526316
410.4210526
418.3947368
427.6315789
437.3684211